Multiple size <= 100
TEST 1 ARG:74 33 97 41 66 58 77 51 18 59 22 11 15 68 60 52 62 47 45 24 83 37 40 10 5 95 4 53 64 69 55 50 46 86 9 20 21 29 54 78 81 19 31 93 75 27 56 99 89 65 73 26 34 12 71 85 17 30 23 94 0 88 35 2 13 57 91 39 25 16 38 96 14 49 67 63 92 43 42 32 98 28 72 6 82 36 8 44 80 48 84 3 79 61 76 7 1 70 90 87
TEST 2 ARG:54 90 28 7 91 95 86 48 59 62 87 66 60 80 1 52 36 30 8 73 98 25 39 67 29 33 84 6 42 68 47 50 75 24 70 94 63 92 35 13 64 49 22 23 89 65 15 5 38 56 45 43 2 77 61 14 78 17 71 0 74 18 96 41 81 34 21 46 82 10 26 99 55 37 19 88 12 11 32 40 44 79 4 31 93 72 69 27 9 51 57 53 16 83 58 97 76 3 20 85
TEST 3 ARG:88 41 17 35 80 34 1 82 59 73 60 20 74 28 89 12 8 51 16 14 83 6 44 95 53 0 94 31 85 32 45 72 26 36 9 61 96 37 86 98 84 65 33 11 66 22 23 27 77 63 70 81 15 99 87 40 76 79 25 90 13 19 91 3 97 43 7 68 58 4 42 47 55 64 67 56 30 18 5 50 29 2 49 93 57 69 10 75 38 39 78 54 48 46 21 52 71 92 24 62
TEST 4 ARG:83 40 77 25 15 35 61 66 71 21 92 70 72 57 32 14 90 17 97 99 94 29 33 7 69 47 87 78 3 0 73 39 60 75 46 86 4 81 50 20 89 23 18 68 19 98 74 76 85 34 5 82 80 45 43 8 22 37 49 88 11 10 91 1 26 84 79 93 36 38 52 63 9 12 48 54 51 55 28 42 67 95 31 53 41 13 6 62 16 24 58 56 30 27 64 44 96 2 65 59
TEST 5 ARG:36 6 24 31 4 53 17 34 75 40 59 68 47 82 26 5 52 19 7 35 92 12 46 48 0 15 86 20 22 3 38 77 76 66 27 96 51 37 50 45 62 18 41 95 16 85 49 64 54 84 79 69 60 81 94 83 57 93 63 32 9 33 56 11 71 67 78 73 21 8 42 1 30 44 55 97 72 87 58 14 23 90 39 61 89 80 74 65 99 88 25 28 98 10 70 29 13 91 2 43
TEST 6 ARG:58 40 23 37 12 99 93 75 36 39 11 62 49 72 56 77 31 78 86 20 47 52 27 26 9 95 28 84 88 71 38 76 89 3 81 17 44 90 21 57 87 91 51 85 96 82 1 25 5 8 18 50 73 14 32 54 94 24 69 30 59 41 2 35 98 64 66 15 43 34 63 53 48 68 10 92 33 7 4 79 60 42 19 29 97 65 45 80 6 0 70 67 55 16 13 46 61 22 74 83
TEST 7 ARG:43 14 62 58 39 72 81 4 77 88 1 17 83 63 19 34 21 11 38 91 67 40 76 89 7 69 54 20 86 98 33 0 65 13 29 64 10 8 75 5 78 66 53 82 6 92 32 68 45 96 50 35 51 95 2 41 80 61 23 25 49 30 26 73 87 12 60 79 84 15 22 85 59 90 56 36 74 27 47 55 52 48 9 99 94 31 93 70 3 24 71 46 97 37 57 18 42 28 16 44
TEST 8 ARG:93 22 24 65 3 63 76 86 96 2 16 94 81 73 53 48 50 15 6 33 21 36 64 7 80 79 38 77 4 55 57 87 31 67 85 78 56 34 83 26 23 91 54 5 13 51 92 82 89 75 46 20 61 14 18 58 1 45 62 72 84 27 19 8 0 10 70 11 39 9 29 74 98 17 88 25 60 44 49 66 97 90 52 41 95 47 12 35 59 42 32 37 28 30 99 68 43 69 71 40
TEST 9 ARG:66 88 45 94 31 11 26 98 14 22 65 90 82 75 10 74 20 93 44 27 4 25 2 92 17 39 71 15 96 24 56 42 53 67 68 18 5 85 19 69 51 21 62 83 99 48 47 72 80 58 84 78 55 57 95 60 81 46 16 89 29 76 54 73 1 7 32 50 3 64 87 43 61 37 28 52 86 6 40 30 91 79 38 0 9 36 63 33 77 49 35 12 70 59 34 8 41 23 97 13
TEST 10 ARG:97 23 16 36 75 50 99 29 15 1 6 21 87 7 62 49 13 24 72 40 0 8 4 2 77 76 45 31 37 56 95 82 90 51 80 42 96 93 30 32 5 98 9 81 28 43 83 14 67 71 20 25 53 54 89 58 38 10 44 39 68 48 27 11 85 35 3 57 26 12 34 70 84 47 88 33 46 60 22 91 64 41 52 78 63 17 69 59 18 55 94 79 65 66 61 73 74 86 92 19
TEST 11 ARG:15 22 48 67 85 34 27 0 69 83 58 35 32 25 39 3 10 6 41 72 44 57 13 49 54 5 43 46 56 30 98 73 4 36 55 95 16 80 45 21 74 37 23 24 18 33 97 53 59 40 87 90 64 47 28 9 51 14 88 92 77 99 93 62 63 79 2 52 31 86 68 29 78 20 17 11 94 84 96 89 91 71 8 76 42 60 26 65 50 7 70 61 1 81 12 38 82 75 19 66
TEST 12 ARG:35 73 97 9 24 19 47 33 56 85 5 7 69 22 42 63 65 51 96 18 1 6 52 64 3 60 90 23 62 82 8 59 28 81 80 54 78 27 53 26 94 95 93 98 44 43 67 41 68 86 49 29 99 58 13 2 15 34 92 17 89 10 50 72 76 12 77 16 74 91 79 75 38 45 87 14 21 32 31 70 30 84 46 0 37 71 25 39 83 55 4 66 48 57 61 88 11 36 20 40
TEST 13 ARG:79 51 12 30 69 53 63 55 42 34 2 32 88 25 40 9 95 59 23 94 74 67 38 11 45 43 20 6 84 39 29 99 71 98 76 35 50 8 83 10 7 44 26 37 13 60 70 66 36 75 21 86 93 91 41 14 56 85 77 3 4 28 0 65 61 58 92 33 24 16 80 90 46 52 48 89 47 57 15 97 18 81 1 49 87 5 27 96 31 78 19 64 22 73 68 72 17 82 62 54
TEST 14 ARG:27 38 8 3 45 5 30 73 77 55 4 67 14 71 39 64 58 21 31 16 43 32 24 74 52 69 68 86 15 80 34 49 60 65 50 44 97 83 13 9 75 72 98 92 79 1 25 37 19 62 12 42 53 85 76 84 51 63 10 20 17 93 28 7 96 33 23 48 47 11 99 54 40 22 95 78 87 6 41 61 2 0 81 66 59 36 90 94 18 88 70 57 56 26 35 91 29 82 46 89
TEST 15 ARG:73 16 20 53 79 7 39 99 44 36 87 31 78 72 86 1 34 11 40 6 96 93 67 52 41 3 48 22 25 15 56 70 92 50 37 43 35 0 30 51 28 85 47 75 80 18 29 81 49 17 82 24 57 74 62 13 5 2 38 60 45 84 26 76 58 66 68 98 90 21 69 19 89 12 94 59 55 65 46 54 71 27 64 4 8 95 14 91 77 88 97 32 9 63 33 23 42 61 10 83
TEST 16 ARG:12 22 73 77 87 68 16 83 71 93 56 18 49 15 46 4 67 58 51 13 86 41 54 80 34 25 36 91 84 85 47 24 19 75 65 88 89 70 90 21 53 48 17 52 35 63 50 2 27 37 10 7 39 32 33 8 11 76 40 9 14 45 69 26 44 81 38 42 5 57 0 6 72 43 94 99 96 95 20 3 30 23 92 74 78 59 62 98 28 66 64 31 82 29 97 1 79 60 55 61
TEST 17 ARG:92 84 19 47 10 51 23 86 8 81 3 25 0 87 56 71 22 36 75 78 43 17 55 34 66 2 99 32 65 18 77 57 73 45 35 28 21 27 58 79 13 96 90 31 16 20 4 72 6 80 7 39 1 46 60 14 38 74 61 95 70 44 98 53 40 48 11 12 89 15 67 93 52 68 64 69 26 24 29 49 37 9 82 30 54 76 50 63 88 83 5 94 59 91 62 97 42 41 33 85
TEST 18 ARG:93 53 91 49 96 82 95 3 85 59 10 86 72 22 97 70 28 1 35 63 39 26 77 60 9 94 5 54 30 8 23 75 78 36 48 6 42 61 19 73 99 44 32 69 71 37 45 16 25 58 13 29 41 57 51 12 33 47 15 90 80 20 55 38 65 88 40 79 17 68 92 98 52 81 76 89 24 84 27 62 31 46 56 4 50 43 87 64 11 14 67 66 34 74 0 7 21 2 18 83
TEST 19 ARG:95 74 67 43 29 10 68 40 72 47 25 0 60 7 6 22 78 58 37 5 88 20 94 26 12 65 41 11 56 50 19 71 8 98 66 97 15 45 34 27 33 82 51 38 21 30 52 57 35 89 91 62 24 69 64 61 4 90 87 53 14 49 42 54 81 48 1 79 99 73 39 3 31 77 44 92 23 17 80 70 84 96 36 63 76 18 46 2 75 32 85 83 16 93 13 28 59 55 9 86
TEST 20 ARG:58 13 86 64 27 20 81 62 69 35 83 47 72 23 36 7 80 2 16 94 65 38 71 48 50 9 0 24 61 10 39 77 14 93 42 49 37 17 85 21 56 19 30 45 79 12 31 57 60 66 29 75 33 25 28 67 3 98 40 15 91 26 6 32 4 99 88 43 11 18 95 5 82 59 41 70 1 76 96 34 89 68 74 84 51 55 73 22 46 63 90 87 53 78 92 8 44 52 54 97
TEST 21 ARG:39 38 62 79 28 46 17 20 16 41 8 63 9 67 33 85 53 29 5 22 1 50 75 83 86 49 70 0 93 84 57 81 37 45 82 31 98 73 42 99 24 47 61 15 26 76 51 7 90 43 94 77 95 11 14 58 78 68 32 36 74 40 60 65 30 91 96 64 69 55 10 71 87 92 52 13 59 35 12 3 97 21 4 2 66 34 54 89 25 72 18 6 27 44 19 48 23 80 88 56
TEST 22 ARG:79 29 99 20 28 17 55 13 86 22 61 53 1 8 45 12 39 84 88 38 14 57 72 82 42 35 48 87 60 23 4 71 59 41 90 18 7 73 89 81 49 94 92 95 26 10 5 80 25 33 69 31 47 11 21 6 70 58 50 16 27 19 68 56 9 54 78 32 0 91 24 65 96 77 64 44 67 37 74 52 46 51 3 36 2 93 97 98 15 85 40 75 30 43 63 34 76 62 66 83
TEST 23 ARG:31 32 70 50 0 6 42 67 1 59 75 37 79 85 72 11 41 13 7 49 66 21 68 82 93 89 76 9 88 86 61 81 74 98 92 91 36 84 33 25 18 40 35 48 45 60 55 4 99 69 15 12 43 38 80 30 8 22 65 28 27 20 53 71 64 34 16 29 44 46 24 87 90 62 97 57 19 77 17 78 73 47 52 5 58 2 10 26 95 39 83 51 54 96 23 56 14 94 3 63
TEST 24 ARG:32 76 70 27 89 92 60 63 96 9 97 17 82 0 35 13 6 11 14 10 5 69 23 15 54 95 4 71 88 80 67 72 31 73 90 53 86 42 16 20 8 39 56 75 57 21 12 3 22 58 44 51 47 91 18 74 62 68 26 1 66 28 79 48 25 61 98 55 78 84 40 85 83 38 45 64 36 81 30 43 94 37 33 59 87 29 46 19 93 34 99 2 24 65 41 49 7 52 50 77
TEST 25 ARG:31 91 78 87 88 86 21 38 2 9 0 59 74 90 23 47 75 41 37 77 33 14 62 39 11 55 73 27 51 85 3 12 42 10 84 89 13 65 6 17 94 18 56 82 49 57 67 40 60 45 68 26 64 98 48 61 5 97 50 83 28 80 35 20 79 66 46 76 54 30 71 96 29 44 99 4 95 72 81 7 15 93 34 19 58 8 24 32 63 43 36 52 16 70 1 69 53 22 92 25
TEST 26 ARG:79 67 0 19 60 65 61 40 48 72 5 14 37 46 45 26 89 84 28 74 22 51 94 8 64 93 1 88 66 41 15 25 32 43 23 7 69 49 99 10 81 75 9 35 57 52 38 86 77 42 11 76 55 39 78 44 21 20 47 34 13 96 24 36 12 30 97 16 82 63 17 2 62 80 54 83 31 18 6 29 87 73 27 98 68 58 95 4 53 92 56 50 33 71 85 3 91 90 59 70
TEST 27 ARG:81 35 70 55 36 54 49 63 9 8 0 15 17 77 76 29 22 42 30 96 71 62 24 34 72 51 82 25 89 98 73 87 41 83 61 99 38 2 13 64 94 16 3 79 5 74 97 91 50 27 44 95 59 1 56 45 40 66 53 92 75 31 60 14 6 32 85 10 80 39 47 21 78 37 18 12 58 88 20 86 69 28 7 68 67 43 93 46 57 52 19 26 65 4 90 84 33 23 11 48
TEST 28 ARG:32 9 92 49 80 78 94 29 67 34 90 77 59 2 81 73 17 19 74 56 23 84 66 18 3 12 87 40 83 70 72 37 7 75 31 91 10 25 79 97 36 69 93 48 62 28 88 53 47 16 35 15 5 38 64 42 33 4 8 50 61 39 63 71 24 99 89 41 54 55 85 98 11 51 86 60 44 95 21 26 1 46 6 82 68 20 0 22 65 45 52 30 96 27 76 58 57 43 14 13
TEST 29 ARG:19 56 6 81 32 42 35 62 57 89 48 4 38 17 88 46 78 55 27 5 21 73 11 43 75 34 92 96 74 28 86 66 41 29 3 49 14 13 40 53 7 87 54 36 77 1 85 50 2 44 79 24 61 37 30 72 63 31 33 18 94 95 23 69 8 65 67 9 47 99 0 70 12 97 52 25 80 83 82 91 51 59 20 15 93 16 76 68 98 60 71 22 64 39 58 90 26 10 84 45
TEST 30 ARG:41 19 16 38 91 0 89 22 81 13 95 93 88 96 28 5 97 87 74 53 52 84 43 8 6 23 20 65 55 33 66 34 72 56 17 26 79 7 59 61 92 2 85 11 47 58 68 51 49 27 15 42 10 70 48 75 1 32 50 90 18 24 71 45 46 29 57 31 4 98 77 78 36 60 9 76 86 83 14 67 64 40 3 44 62 73 37 82 12 39 30 54 35 63 69 80 94 99 25 21
TEST 31 ARG:89 16 67 7 1 71 28 40 48 73 70 42 86 64 76 92 65 52 49 8 85 98 6 84 24 37 54 50 9 12 57 22 96 68 23 10 56 18 36 20 15 11 69 47 93 66 77 91 17 94 82 29 55 51 53 32 97 0 13 63 35 80 74 34 4 72 25 78 19 14 43 46 3 45 26 41 5 60 62 27 33 99 90 38 2 44 39 21 95 59 87 83 79 75 81 88 58 30 61 31
TEST 32 ARG:25 33 63 97 67 20 65 54 42 61 36 3 83 62 76 46 81 69 15 90 77 35 11 84 31 29 32 30 99 24 27 10 55 23 28 17 49 41 16 22 85 0 98 6 56 4 93 78 53 43 5 73 21 9 2 79 26 19 64 37 89 7 59 88 51 91 14 1 82 48 74 70 96 80 94 12 60 58 87 72 13 57 8 38 86 52 34 18 92 95 39 44 40 50 47 71 68 66 45 75
TEST 33 ARG:79 82 14 4 73 33 55 89 13 31 10 19 80 66 2 90 38 9 81 40 6 99 8 44 59 11 26 58 84 76 69 36 37 52 50 18 63 57 7 0 21 28 54 51 35 61 56 94 70 30 22 77 39 75 3 32 60 5 98 88 48 27 12 85 86 92 97 25 20 87 83 64 46 67 43 15 23 95 45 78 41 93 49 16 91 1 24 42 65 17 53 62 34 68 72 29 74 47 96 71
TEST 34 ARG:57 94 31 85 16 32 2 67 77 48 15 69 28 88 24 35 14 53 98 19 75 1 65 5 34 58 6 63 10 37 93 91 79 9 23 41 49 60 45 20 7 46 86 3 99 30 52 36 26 78 66 76 13 71 43 54 82 59 80 0 55 96 87 70 17 81 25 47 18 21 51 97 89 8 40 42 61 72 22 44 62 38 39 33 50 90 74 83 95 11 92 29 73 84 4 12 27 64 68 56
